-2.00000000
-1.99498747
-1.98997494
-1.98496241
-1.97994987
-1.97493734
-1.96992481
-1.96491228
-1.95989975
-1.95488722
-1.94987469
-1.94486216
-1.93984962
-1.93483709
-1.92982456
-1.92481203
-1.91979950
-1.91478697
-1.90977444
-1.90476190
-1.89974937
-1.89473684
-1.88972431
-1.88471178
-1.87969925
-1.87468672
-1.86967419
-1.86466165
-1.85964912
-1.85463659
-1.84962406
-1.84461153
-1.83959900
-1.83458647
-1.82957393
-1.82456140
-1.81954887
-1.81453634
-1.80952381
-1.80451128
-1.79949875
-1.79448622
-1.78947368
-1.78446115
-1.77944862
-1.77443609
-1.76942356
-1.76441103
-1.75939850
-1.75438596
-1.74937343
-1.74436090
-1.73934837
-1.73433584
-1.72932331
-1.72431078
-1.71929825
-1.71428571
-1.70927318
-1.70426065
-1.69924812
-1.69423559
-1.68922306
-1.68421053
-1.67919799
-1.67418546
-1.66917293
-1.66416040
-1.65914787
-1.65413534
-1.64912281
-1.64411028
-1.63909774
-1.63408521
-1.62907268
-1.62406015
-1.61904762
-1.61403509
-1.60902256
-1.60401003
-1.59899749
-1.59398496
-1.58897243
-1.58395990
-1.57894737
-1.57393484
-1.56892231
-1.56390977
-1.55889724
-1.55388471
-1.54887218
-1.54385965
-1.53884712
-1.53383459
-1.52882206
-1.52380952
-1.51879699
-1.51378446
-1.50877193
-1.50375940
-1.49874687
-1.49373434
-1.48872180
-1.48370927
-1.47869674
-1.47368421
-1.46867168
-1.46365915
-1.45864662
-1.45363409
-1.44862155
-1.44360902
-1.43859649
-1.43358396
-1.42857143
-1.42355890
-1.41854637
-1.41353383
-1.40852130
-1.40350877
-1.39849624
-1.39348371
-1.38847118
-1.38345865
-1.37844612
-1.37343358
-1.36842105
-1.36340852
-1.35839599
-1.35338346
-1.34837093
-1.34335840
-1.33834586
-1.33333333
-1.32832080
-1.32330827
-1.31829574
-1.31328321
-1.30827068
-1.30325815
-1.29824561
-1.29323308
-1.28822055
-1.28320802
-1.27819549
-1.27318296
-1.26817043
-1.26315789
-1.25814536
-1.25313283
-1.24812030
-1.24310777
-1.23809524
-1.23308271
-1.22807018
-1.22305764
-1.21804511
-1.21303258
-1.20802005
-1.20300752
-1.19799499
-1.19298246
-1.18796992
-1.18295739
-1.17794486
-1.17293233
-1.16791980
-1.16290727
-1.15789474
-1.15288221
-1.14786967
-1.14285714
-1.13784461
-1.13283208
-1.12781955
-1.12280702
-1.11779449
-1.11278195
-1.10776942
-1.10275689
-1.09774436
-1.09273183
-1.08771930
-1.08270677
-1.07769424
-1.07268170
-1.06766917
-1.06265664
-1.05764411
-1.05263158
-1.04761905
-1.04260652
-1.03759398
-1.03258145
-1.02756892
-1.02255639
-1.01754386
-1.01253133
-1.00751880
-1.00250627
-0.99749373
-0.99248120
-0.98746867
-0.98245614
-0.97744361
-0.97243108
-0.96741855
-0.96240602
-0.95739348
-0.95238095
-0.94736842
-0.94235589
-0.93734336
-0.93233083
-0.92731830
-0.92230576
-0.91729323
-0.91228070
-0.90726817
-0.90225564
-0.89724311
-0.89223058
-0.88721805
-0.88220551
-0.87719298
-0.87218045
-0.86716792
-0.86215539
-0.85714286
-0.85213033
-0.84711779
-0.84210526
-0.83709273
-0.83208020
-0.82706767
-0.82205514
-0.81704261
-0.81203008
-0.80701754
-0.80200501
-0.79699248
-0.79197995
-0.78696742
-0.78195489
-0.77694236
-0.77192982
-0.76691729
-0.76190476
-0.75689223
-0.75187970
-0.74686717
-0.74185464
-0.73684211
-0.73182957
-0.72681704
-0.72180451
-0.71679198
-0.71177945
-0.70676692
-0.70175439
-0.69674185
-0.69172932
-0.68671679
-0.68170426
-0.67669173
-0.67167920
-0.66666667
-0.66165414
-0.65664160
-0.65162907
-0.64661654
-0.64160401
-0.63659148
-0.63157895
-0.62656642
-0.62155388
-0.61654135
-0.61152882
-0.60651629
-0.60150376
-0.59649123
-0.59147870
-0.58646617
-0.58145363
-0.57644110
-0.57142857
-0.56641604
-0.56140351
-0.55639098
-0.55137845
-0.54636591
-0.54135338
-0.53634085
-0.53132832
-0.52631579
-0.52130326
-0.51629073
-0.51127820
-0.50626566
-0.50125313
-0.49624060
-0.49122807
-0.48621554
-0.48120301
-0.47619048
-0.47117794
-0.46616541
-0.46115288
-0.45614035
-0.45112782
-0.44611529
-0.44110276
-0.43609023
-0.43107769
-0.42606516
-0.42105263
-0.41604010
-0.41102757
-0.40601504
-0.40100251
-0.39598997
-0.39097744
-0.38596491
-0.38095238
-0.37593985
-0.37092732
-0.36591479
-0.36090226
-0.35588972
-0.35087719
-0.34586466
-0.34085213
-0.33583960
-0.33082707
-0.32581454
-0.32080201
-0.31578947
-0.31077694
-0.30576441
-0.30075188
-0.29573935
-0.29072682
-0.28571429
-0.28070175
-0.27568922
-0.27067669
-0.26566416
-0.26065163
-0.25563910
-0.25062657
-0.24561404
-0.24060150
-0.23558897
-0.23057644
-0.22556391
-0.22055138
-0.21553885
-0.21052632
-0.20551378
-0.20050125
-0.19548872
-0.19047619
-0.18546366
-0.18045113
-0.17543860
-0.17042607
-0.16541353
-0.16040100
-0.15538847
-0.15037594
-0.14536341
-0.14035088
-0.13533835
-0.13032581
-0.12531328
-0.12030075
-0.11528822
-0.11027569
-0.10526316
-0.10025063
-0.09523810
-0.09022556
-0.08521303
-0.08020050
-0.07518797
-0.07017544
-0.06516291
-0.06015038
-0.05513784
-0.05012531
-0.04511278
-0.04010025
-0.03508772
-0.03007519
-0.02506266
-0.02005013
-0.01503759
-0.01002506
-0.00501253
0.00000000
