0.000009996000
0.000009972200
0.000009948400
0.000009924600
0.000009900800
0.000009877000
0.000009853200
0.000009829400
0.000009805600
0.000009781800
0.000009758000
0.000009734200
0.000009710400
0.000009686600
0.000009662800
0.000009639000
0.000009615200
0.000009591400
0.000009567600
0.000009543800
0.000009520000
0.000009496200
0.000009472400
0.000009448600
0.000009424800
0.000009401000
0.000009377200
0.000009353400
0.000009329600
0.000009305800
0.000009282000
0.000009258200
0.000009234400
0.000009210600
0.000009186800
0.000009163000
0.000009139200
0.000009115400
0.000009091600
0.000009067800
0.000009044000
0.000009020200
0.000008996400
0.000008972600
0.000008948800
0.000008925000
0.000008901200
0.000008877400
0.000008853600
0.000008829800
0.000008806000
0.000008782200
0.000008758400
0.000008734600
0.000008710800
0.000008687000
0.000008663200
0.000008639400
0.000008615600
0.000008591800
0.000008568000
0.000008544200
0.000008520400
0.000008496600
0.000008472800
0.000008449000
0.000008425200
0.000008401400
0.000008377600
0.000008353800
0.000008330000
0.000008306200
0.000008282400
0.000008258600
0.000008234800
0.000008211000
0.000008187200
0.000008163400
0.000008139600
0.000008115800
0.000008092000
0.000008068200
0.000008044400
0.000008020600
0.000007996800
0.000007973000
0.000007949200
0.000007925400
0.000007901600
0.000007877800
0.000007854000
0.000007830200
0.000007806400
0.000007782600
0.000007758800
0.000007735000
0.000007711200
0.000007687400
0.000007663600
0.000007639800
0.000007616000
0.000007592200
0.000007568400
0.000007544600
0.000007520800
0.000007497000
0.000007473200
0.000007449400
0.000007425600
0.000007401800
0.000007378000
0.000007354200
0.000007330400
0.000007306600
0.000007282800
0.000007259000
0.000007235200
0.000007211400
0.000007187600
0.000007163800
0.000007140000
0.000007116200
0.000007092400
0.000007068600
0.000007044800
0.000007021000
0.000006997200
0.000006973400
0.000006949600
0.000006925800
0.000006902000
0.000006878200
0.000006854400
0.000006830600
0.000006806800
0.000006783000
0.000006759200
0.000006735400
0.000006711600
0.000006687800
0.000006664000
0.000006640200
0.000006616400
0.000006592600
0.000006568800
0.000006545000
0.000006521200
0.000006497400
0.000006473600
0.000006449800
0.000006426000
0.000006402200
0.000006378400
0.000006354600
0.000006330800
0.000006307000
0.000006283200
0.000006259400
0.000006235600
0.000006211800
0.000006188000
0.000006164200
0.000006140400
0.000006116600
0.000006092800
0.000006069000
0.000006045200
0.000006021400
0.000005997600
0.000005973800
0.000005950000
0.000005926200
0.000005902400
0.000005878600
0.000005854800
0.000005831000
0.000005807200
0.000005783400
0.000005759600
0.000005735800
0.000005712000
0.000005688200
0.000005664400
0.000005640600
0.000005616800
0.000005593000
0.000005569200
0.000005545400
0.000005521600
0.000005497800
0.000005474000
0.000005450200
0.000005426400
0.000005402600
0.000005378800
0.000005355000
0.000005331200
0.000005307400
0.000005283600
0.000005259800
0.000005236000
0.000005212200
0.000005188400
0.000005164600
0.000005140800
0.000005117000
0.000005093200
0.000005069400
0.000005045600
0.000005021800
0.000004998000
0.000004974200
0.000004950400
0.000004926600
0.000004902800
0.000004879000
0.000004855200
0.000004831400
0.000004807600
0.000004783800
0.000004760000
0.000004736200
0.000004712400
0.000004688600
0.000004664800
0.000004641000
0.000004617200
0.000004593400
0.000004569600
0.000004545800
0.000004522000
0.000004498200
0.000004474400
0.000004450600
0.000004426800
0.000004403000
0.000004379200
0.000004355400
0.000004331600
0.000004307800
0.000004284000
0.000004260200
0.000004236400
0.000004212600
0.000004188800
0.000004165000
0.000004141200
0.000004117400
0.000004093600
0.000004069800
0.000004046000
0.000004022200
0.000003998400
0.000003974600
0.000003950800
0.000003927000
0.000003903200
0.000003879400
0.000003855600
0.000003831800
0.000003808000
0.000003784200
0.000003760400
0.000003736600
0.000003712800
0.000003689000
0.000003665200
0.000003641400
0.000003617600
0.000003593800
0.000003570000
0.000003546200
0.000003522400
0.000003498600
0.000003474800
0.000003451000
0.000003427200
0.000003403400
0.000003379600
0.000003355800
0.000003332000
0.000003308200
0.000003284400
0.000003260600
0.000003236800
0.000003213000
0.000003189200
0.000003165400
0.000003141600
0.000003117800
0.000003094000
0.000003070200
0.000003046400
0.000003022600
0.000002998800
0.000002975000
0.000002951200
0.000002927400
0.000002903600
0.000002879800
0.000002856000
0.000002832200
0.000002808400
0.000002784600
0.000002760800
0.000002737000
0.000002713200
0.000002689400
0.000002665600
0.000002641800
0.000002618000
0.000002594200
0.000002570400
0.000002546600
0.000002522800
0.000002499000
0.000002475200
0.000002451400
0.000002427600
0.000002403800
0.000002380000
0.000002356259
0.000002332638
0.000002309135
0.000002285752
0.000002262487
0.000002239342
0.000002216315
0.000002193408
0.000002170619
0.000002147950
0.000002125399
0.000002102968
0.000002080655
0.000002058462
0.000002036387
0.000002014432
0.000001992595
0.000001970878
0.000001949279
0.000001927800
0.000001906439
0.000001885198
0.000001864075
0.000001843072
0.000001822187
0.000001801422
0.000001780775
0.000001760248
0.000001739839
0.000001719550
0.000001699379
0.000001679328
0.000001659395
0.000001639582
0.000001619887
0.000001600312
0.000001580855
0.000001561518
0.000001542299
0.000001523200
0.000001504219
0.000001485358
0.000001466615
0.000001447992
0.000001429487
0.000001411102
0.000001392835
0.000001374688
0.000001356659
0.000001338750
0.000001320959
0.000001303288
0.000001285735
0.000001268302
0.000001250987
0.000001233792
0.000001216715
0.000001199758
0.000001182919
0.000001166200
0.000001149599
0.000001133118
0.000001116755
0.000001100512
0.000001084387
0.000001068382
0.000001052495
0.000001036728
0.000001021079
0.000001005550
0.000000990139
0.000000974848
0.000000959675
0.000000944622
0.000000929687
0.000000914872
0.000000900175
0.000000885598
0.000000871139
0.000000856800
0.000000842579
0.000000828478
0.000000814495
0.000000800632
0.000000786887
0.000000773262
0.000000759755
0.000000746368
0.000000733099
0.000000719950
0.000000706919
0.000000694008
0.000000681215
0.000000668542
0.000000655987
0.000000643552
0.000000631235
0.000000619038
0.000000606959
0.000000595000
0.000000583159
0.000000571438
0.000000559835
0.000000548352
0.000000536987
0.000000525742
0.000000514615
0.000000503608
0.000000492719
0.000000481950
0.000000471299
0.000000460768
0.000000450355
0.000000440062
0.000000429887
0.000000419832
0.000000409895
0.000000400078
0.000000390379
0.000000380800
0.000000371339
0.000000361998
0.000000352775
0.000000343672
0.000000334687
0.000000325822
0.000000317075
0.000000308448
0.000000299939
0.000000291550
0.000000283279
0.000000275128
0.000000267095
0.000000259182
0.000000251387
0.000000243712
0.000000236155
0.000000228718
0.000000221399
0.000000214200
0.000000207119
0.000000200158
0.000000193315
0.000000186592
0.000000179987
0.000000173502
0.000000167135
0.000000160888
0.000000154759
0.000000148750
0.000000142859
0.000000137088
0.000000131435
0.000000125902
0.000000120487
0.000000115192
0.000000110015
0.000000104958
0.000000100019
0.000000095200
0.000000090499
0.000000085918
0.000000081455
0.000000077112
0.000000072887
0.000000068782
0.000000064795
0.000000060928
0.000000057179
0.000000053550
0.000000050039
0.000000046648
0.000000043375
0.000000040222
0.000000037187
0.000000034272
0.000000031475
0.000000028798
0.000000026239
0.000000023800
0.000000021479
0.000000019278
0.000000017195
0.000000015232
0.000000013387
0.000000011662
0.000000010055
0.000000008568
0.000000007199
0.000000005950
0.000000004819
0.000000003808
0.000000002915
0.000000002142
0.000000001487
0.000000000952
0.000000000535
0.000000000238
0.000000000059
