1.1.1.csv 迁移率为 0.21, 0.18, 0.18, 0.08, 0.06
1.1.csv 迁移率为 0.31, 0.28, 0.18, 0.14, 0.07
1.2.1.csv 迁移率为 1.23, 1.23, 1.13, 1.10, 1.01
1.2.csv 迁移率为 1.40, 1.32, 1.23, 1.04, 0.77
1.3.1.csv 迁移率为 1.37, 1.32, 1.23, 1.21, 1.01
1.3.csv 迁移率为 1.41, 1.30, 1.09, 0.86, 0.78
1.4.1.csv 迁移率为 0.96, 0.95, 0.92, 0.89, 0.85
1.4.csv 迁移率为 1.73, 1.56, 1.20, 0.86, 0.70
1.5.1.csv 迁移率为 1.06, 1.04, 1.01, 0.98, 0.91
1.5.csv 迁移率为 0.65, 0.63, 0.61, 0.51, 0.45
1.6.1.csv 迁移率为 0.93, 0.93, 0.92, 0.90, 0.84
1.6.csv 迁移率为 0.74, 0.72, 0.67, 0.64, 0.63
10.1.1.csv 迁移率为 0.46, 0.45, 0.42, 0.40, 0.38
10.1.csv 迁移率为 0.32, 0.32, 0.32, 0.32, 0.32
10.2.1.csv 迁移率为 0.62, 0.60, 0.57, 0.52, 0.48
10.2.csv 迁移率为 0.33, 0.33, 0.32, 0.32, 0.32
10.3.1.csv 迁移率为 0.46, 0.45, 0.44, 0.42, 0.40
10.3.csv 迁移率为 0.36, 0.36, 0.36, 0.36, 0.35
10.4.1.csv 迁移率为 0.62, 0.58, 0.52, 0.47, 0.43
10.4.csv 迁移率为 0.31, 0.31, 0.30, 0.30, 0.30
10.5.1.csv 迁移率为 0.68, 0.64, 0.56, 0.50, 0.47
10.5.csv 迁移率为 0.32, 0.32, 0.32, 0.32, 0.32
10.6.1.csv 迁移率为 0.31, 0.31, 0.31, 0.31, 0.30
10.6.csv 迁移率为 0.36, 0.36, 0.36, 0.35, 0.35
10.7.1.csv 迁移率为 0.54, 0.52, 0.48, 0.44, 0.42
10.7.csv 迁移率为 0.31, 0.31, 0.31, 0.31, 0.30
10.9.1.csv 迁移率为 0.46, 0.45, 0.43, 0.41, 0.39
10.9.csv 迁移率为 0.35, 0.35, 0.34, 0.34, 0.34
2.1.1.csv 迁移率为 3.93, 3.68, 3.66, 2.46, 1.41
2.1.csv 迁移率为 1.73, 1.48, 0.82, 0.36, 0.34
2.2.1.csv 迁移率为 1.85, 1.84, 1.67, 1.35, 1.10
2.2.csv 迁移率为 1.88, 1.37, 0.81, 0.60, 0.48
2.3.1.csv 迁移率为 1.81, 1.55, 1.12, 0.85, 0.70
2.3.csv 迁移率为 1.36, 1.12, 0.73, 0.60, 0.55
2.4.1.csv 迁移率为 2.09, 1.82, 1.37, 1.08, 0.89
2.4.csv 迁移率为 1.04, 0.83, 0.61, 0.54, 0.48
2.5.1.csv 迁移率为 1.24, 1.22, 1.16, 1.13, 1.09
2.5.csv 迁移率为 1.46, 1.16, 0.78, 0.61, 0.52
2.6.1.csv 迁移率为 1.53, 1.44, 1.27, 1.10, 0.96
2.6.csv 迁移率为 0.60, 0.56, 0.48, 0.44, 0.42
2.7.1.csv 迁移率为 1.68, 1.55, 1.32, 1.13, 0.97
2.7.csv 迁移率为 0.61, 0.51, 0.44, 0.43, 0.41
2.8.1.csv 迁移率为 1.29, 1.11, 0.84, 0.67, 0.58
2.8.csv 迁移率为 0.46, 0.44, 0.40, 0.39, 0.39
2.9.1.csv 迁移率为 1.21, 1.09, 0.90, 0.76, 0.68
2.9.csv 迁移率为 0.52, 0.50, 0.47, 0.43, 0.41
3.2.1.csv 迁移率为 3.21, 2.92, 2.72, 2.63, 1.79
3.2.csv 迁移率为 2.86, 2.80, 2.40, 1.40, 0.83
3.3.1.csv 迁移率为 2.42, 1.80, 1.03, 0.72, 0.59
3.3.csv 迁移率为 1.01, 0.86, 0.58, 0.50, 0.49
3.4.1.csv 迁移率为 2.50, 2.22, 1.67, 1.20, 0.91
3.4.csv 迁移率为 2.50, 2.22, 1.67, 1.20, 0.91
3.5.1.csv 迁移率为 1.73, 1.67, 1.64, 1.59, 1.43
3.5.csv 迁移率为 1.46, 1.24, 0.83, 0.51, 0.43
3.6.1.csv 迁移率为 1.70, 1.57, 1.34, 1.15, 1.00
3.6.csv 迁移率为 0.58, 0.52, 0.46, 0.44, 0.41
3.7.csv 迁移率为 2.06, 1.79, 1.35, 1.07, 0.89
3.8.1.csv 迁移率为 1.48, 1.33, 1.10, 0.95, 0.84
3.8.csv 迁移率为 0.84, 0.74, 0.61, 0.55, 0.52
3.9.1.csv 迁移率为 1.01, 0.95, 0.84, 0.76, 0.70
3.9.csv 迁移率为 0.61, 0.57, 0.56, 0.55, 0.51
4.1.csv 迁移率为 2.65, 2.59, 2.41, 2.19, 1.58
4.2.csv 迁移率为 2.64, 2.63, 2.43, 1.89, 1.37
4.3.1.csv 迁移率为 0.84, 0.74, 0.59, 0.51, 0.46
4.3.2.csv 迁移率为 0.99, 0.85, 0.64, 0.53, 0.47
4.3.csv 迁移率为 0.70, 0.62, 0.47, 0.42, 0.42
4.4.csv 迁移率为 3.19, 2.65, 1.77, 1.17, 0.84
4.5.csv 迁移率为 2.17, 1.98, 1.57, 1.18, 0.93
4.6.1.csv 迁移率为 1.67, 1.51, 1.24, 1.03, 0.88
4.6.csv 迁移率为 0.58, 0.53, 0.48, 0.46, 0.42
4.8.csv 迁移率为 1.62, 1.48, 1.23, 1.03, 0.88
5.1.1.csv 迁移率为 3.84, 3.80, 3.18, 2.04, 1.19
5.1.csv 迁移率为 3.38, 2.88, 1.74, 0.91, 0.60
5.2.csv 迁移率为 3.15, 2.85, 2.11, 1.38, 0.96
5.4.csv 迁移率为 3.31, 2.92, 2.09, 1.39, 0.99
5.5.csv 迁移率为 2.79, 2.51, 1.88, 1.30, 0.95
5.6.1.csv 迁移率为 0.81, 0.70, 0.56, 0.49, 0.46
5.6.csv 迁移率为 0.82, 0.71, 0.54, 0.47, 0.44
5.7.csv 迁移率为 1.97, 1.61, 1.10, 0.83, 0.68
5.8.csv 迁移率为 1.79, 1.66, 1.39, 1.12, 0.93
5.9.csv 迁移率为 1.40, 1.27, 1.07, 0.93, 0.83
6.3.1.csv 迁移率为 1.38, 1.11, 0.75, 0.56, 0.47
6.3.csv 迁移率为 0.54, 0.50, 0.40, 0.33, 0.30
6.4.1.csv 迁移率为 2.85, 2.43, 1.67, 1.10, 0.79
6.4.csv 迁移率为 0.74, 0.64, 0.49, 0.41, 0.38
6.5.1.csv 迁移率为 1.39, 1.22, 0.94, 0.74, 0.61
6.5.csv 迁移率为 0.62, 0.55, 0.38, 0.32, 0.31
6.6.1.csv 迁移率为 1.46, 1.26, 0.95, 0.74, 0.60
6.6.csv 迁移率为 0.32, 0.32, 0.31, 0.28, 0.27
6.7.1.csv 迁移率为 1.55, 1.31, 0.95, 0.74, 0.62
6.7.csv 迁移率为 0.40, 0.40, 0.39, 0.36, 0.34
6.8.1.csv 迁移率为 1.34, 1.14, 0.86, 0.68, 0.57
6.8.csv 迁移率为 0.34, 0.33, 0.33, 0.32, 0.30
6.9.csv 迁移率为 0.63, 0.56, 0.45, 0.39, 0.35
7.3.1.csv 迁移率为 2.42, 2.12, 1.55, 1.10, 0.81
7.3.csv 迁移率为 0.97, 0.82, 0.61, 0.47, 0.43
7.4.1.csv 迁移率为 2.46, 2.43, 2.19, 1.69, 1.22
7.4.csv 迁移率为 1.19, 1.01, 0.70, 0.53, 0.46
7.5.csv 迁移率为 2.55, 2.50, 2.40, 2.00, 1.47
7.6.1.csv 迁移率为 1.99, 1.87, 1.58, 1.25, 0.98
7.6.csv 迁移率为 0.74, 0.72, 0.61, 0.46, 0.39
7.7.1.csv 迁移率为 1.89, 1.67, 1.29, 1.02, 0.84
7.7.csv 迁移率为 0.66, 0.59, 0.47, 0.42, 0.40
7.8.1.csv 迁移率为 1.73, 1.52, 1.18, 0.95, 0.80
7.8.csv 迁移率为 0.61, 0.56, 0.45, 0.42, 0.41
7.9.1.csv 迁移率为 1.01, 0.87, 0.68, 0.61, 0.58
7.9.csv 迁移率为 1.01, 0.87, 0.68, 0.61, 0.58
8.1.1.csv 迁移率为 0.83, 0.73, 0.59, 0.52, 0.47
8.1.csv 迁移率为 0.40, 0.39, 0.38, 0.38, 0.37
8.2.1.csv 迁移率为 1.00, 0.89, 0.72, 0.63, 0.58
8.2.csv 迁移率为 0.43, 0.42, 0.42, 0.40, 0.40
8.3.1.csv 迁移率为 0.88, 0.82, 0.72, 0.65, 0.58
8.3.csv 迁移率为 0.44, 0.43, 0.42, 0.42, 0.41
8.4.1.csv 迁移率为 0.88, 0.83, 0.72, 0.64, 0.58
8.4.csv 迁移率为 0.39, 0.38, 0.38, 0.38, 0.38
8.5.1.csv 迁移率为 1.17, 1.07, 0.92, 0.80, 0.70
8.5.csv 迁移率为 0.44, 0.44, 0.43, 0.43, 0.43
8.6.1.csv 迁移率为 1.13, 1.05, 0.90, 0.80, 0.73
8.6.csv 迁移率为 0.49, 0.46, 0.45, 0.45, 0.44
8.8.1.csv 迁移率为 0.92, 0.86, 0.76, 0.67, 0.61
8.8.csv 迁移率为 0.39, 0.38, 0.38, 0.37, 0.37
8.9.1.csv 迁移率为 0.52, 0.48, 0.43, 0.39, 0.36
8.9.csv 迁移率为 0.31, 0.31, 0.31, 0.30, 0.30
9.1.csv 迁移率为 0.29, 0.29, 0.28, 0.28, 0.28
9.2.1.csv 迁移率为 0.70, 0.64, 0.55, 0.49, 0.44
9.2.csv 迁移率为 0.33, 0.32, 0.32, 0.31, 0.30
9.3.1.csv 迁移率为 0.51, 0.48, 0.42, 0.38, 0.37
9.3.csv 迁移率为 0.30, 0.30, 0.30, 0.30, 0.29
9.4.1.csv 迁移率为 0.75, 0.72, 0.63, 0.54, 0.48
9.4.csv 迁移率为 0.29, 0.28, 0.28, 0.28, 0.28
9.5.1.csv 迁移率为 0.77, 0.73, 0.65, 0.58, 0.52
9.5.csv 迁移率为 0.34, 0.33, 0.33, 0.32, 0.30
9.6.1.csv 迁移率为 0.55, 0.53, 0.49, 0.45, 0.42
9.6.csv 迁移率为 0.32, 0.31, 0.31, 0.31, 0.30
9.7.1.csv 迁移率为 0.51, 0.49, 0.45, 0.40, 0.37
9.7.csv 迁移率为 0.29, 0.29, 0.29, 0.28, 0.28
9.8.csv 迁移率为 0.30, 0.29, 0.28, 0.28, 0.27
9.9.1.csv 迁移率为 0.58, 0.54, 0.48, 0.45, 0.42
9.9.csv 迁移率为 0.75, 0.70, 0.61, 0.54, 0.48
